##???#??#?????????#? [11, 6]
2
???.#??#.??? [1, 1, 2, 1]
10
#????#?.???????. [3, 3, 4]
4
.#?????####.?.#? [1, 1, 5, 1]
2
?#?????????#?#? [3, 2, 1, 1, 1]
9
.?#??.?..#. [4, 1]
1
??.??????????.? [1, 1, 3, 1, 1]
55
?#???..??.?????##??# [1, 1, 1, 3, 6]
4
#?.?#????#?#.. [2, 8]
1
..#??????. [3, 1]
3
?#?????#.??# [7, 2]
1
??#?????#.?#?##???? [3, 4, 5, 1, 1]
2
???????#??? [6, 1]
4
#..?#?##??????.#?#? [1, 6, 1, 3]
7
???#..??#? [1, 1, 2]
5
???#?.#?#.??.?? [3, 3, 1]
8
?#???.?..# [2, 1, 1]
5
#??#?????##?.???? [4, 3, 1]
8
#?????????.??#?. [2, 4, 2, 2]
2
?#?????#???#??? [2, 4, 3]
12
?.??.??#??? [2, 1, 2]
2
??#???.??##?#.? [4, 5]
3
?.#?.#???##???.#?# [1, 2, 2, 5, 3]
2
????????#?#???? [2, 1, 6]
20
.??.?#?..#. [1, 3, 1]
2
.????.??.??#.#. [3, 2, 1, 1]
2
??.?#??????##?#??.?? [1, 13, 2]
4
????#??.???#??. [1, 2, 4, 1]
5
??#??????###?#.#? [1, 1, 9, 2]
1
??#?..##???#???.?#? [1, 9, 2]
2
?#???#??#?# [5, 1, 1]
1
?#??#.????????? [1, 2, 1, 4]
10
.?????#??#?#????. [1, 10]
10
?.???#?#?#? [1, 6]
5
????#???#????? [2, 8]
4
#?#???????.?.?? [7, 1]
5
??.??#????##?#?##.? [3, 7]
3
?????#?#?.????#?#? [2, 4, 7]
10
?.????#?###?#?? [1, 8]
7
?.??????#.????#?##.? [7, 1, 5]
2
.???#???.?? [1, 3, 2]
3
?#.?..????? [2, 2]
4
..?????...?????? [4, 3]
8
???#.???.??????? [1, 1, 1, 4, 1]
21
?###???????#?..?? [7, 1]
2
.???????#???????#?? [1, 1, 10]
16
#??.??##?#??.## [2, 6, 1, 2]
1
??#???.??#????#?? [2, 8, 1]
2
?.?#.???#?????? [1, 9]
2
???#??##?????. [8, 1]
10
#??#?#?????###?? [1, 5, 4]
4
?..#??????? [1, 5]
3
###??##?...??#?# [7, 5]
1
?#?#??#.??## [6, 3]
1
.????.?.??# [1, 1, 2]
7
???.?.??#??#??? [1, 9]
4
.????..#??? [1, 3]
4
??????..?? [1, 1, 1]
24
?.????##??#? [1, 8]
3
????##???#.. [5, 3]
1
??#?????#???# [2, 1, 2, 2]
8
#??????????#.?##?.?# [6, 1, 1, 1, 3, 1]
2
.?#??##????. [5, 1]
3
?????.???#??#??##? [4, 8, 3]
2
????#?#??#?? [1, 4, 4]
2
?.?#??#??..????# [1, 7, 1, 3]
1
?.?.??#????.?# [1, 5, 1]
7
?#??..?.??????# [3, 1, 1, 1, 2]
6
?##?#???#??.???? [4, 4, 3]
4
???#?????#?????????? [13, 1, 1, 1]
5
????#?.???????#? [3, 2, 2, 5]
3
?.#??#.??#?????? [4, 4, 2, 1]
1
.?#?#####..?.?.?. [7, 1]
3
##????.?#????. [4, 5]
2
????????#????????. [2, 1, 4, 1, 2]
56
????.??#???..? [1, 1, 5]
6
#????.?..?#? [2, 1, 2]
6
??????#???? [2, 1, 5]
4
??#??.???? [1, 3, 1]
4
?#??#??##?.????#?.? [2, 7, 5]
2
???????.??? [4, 1, 1]
13
.?##????#??? [3, 4]
7
???.?#.?.??.. [2, 2, 1, 2]
2
????.???????. [1, 7]
4
?#?#.?#????#? [3, 1, 1, 1]
2
??#?????##??.#.??? [1, 6, 1, 3]
3
?????????.?###?#. [2, 1, 1, 2, 6]
1
?#.##????#????#.??? [2, 2, 1, 7, 1]
3
#??#.?????#??. [4, 5]
3
?#??#..?????#?#??#? [2, 1, 1, 8]
10
##?.?.?#?.#?????? [2, 1, 2, 7]
2
.???.???....#??# [1, 2, 2, 1]
6
??#??#????##?????.? [7, 8]
3
..?????.?. [1, 1]
11
???????#?#??????.. [1, 7]
21
#?????????#??..?? [1, 3, 1, 5, 1]
2
???.??#??.. [3, 2]
2
???.#?#????????? [1, 1, 1, 9]
1
?.?#??#??.?#. [6, 1]
2
????#?#????.#??..? [7, 1, 1, 1, 1, 1]
1
???..#?.#???? [1, 1, 3, 1]
3
??.??...??? [1, 1, 1]
16
.##??????..#? [4, 3, 1]
1
????.??.???###??. [1, 1, 1, 1, 5]
18
?..??????.?? [5, 1]
4
???????#??.?. [3, 4, 1, 1]
1
#????##?.??#?.? [1, 3, 3]
4
??.?#?##?#?????????? [2, 13]
3
????#??#?##??. [1, 9]
6
????.???#??.. [3, 3]
6
??#?#??#?? [3, 1, 1]
2
?#?##??.????#???? [4, 2, 4, 1]
1
.??#???#???#??????#? [2, 13]
4
?.?#.?..?#??#??#???? [2, 1, 8]
4
????.?###???#.?. [1, 7]
4
..#?????????#???? [1, 2, 5]
20
???????.?#..? [6, 1]
2
.#???###????.? [1, 6, 1]
6
??.??###?????#???.. [6, 7]
1
#?..#??###???.?? [2, 1, 7, 2]
1
???.??#?#??#?##?? [1, 12]
6
#???????#?????#??#?. [1, 1, 10, 2]
7
.????###???.???? [10, 3]
2
??#?.?.#??? [3, 3]
2
?##?????.#?? [4, 1, 2]
5
??#??.??.????##? [3, 1, 4]
23
???#####??.? [7, 1]
4
#?##??#??#.????? [8, 1, 3]
3
.#.??#.????? [1, 1, 1, 1]
11
??#??.???.#? [2, 1, 1]
7
???.????????????#??? [1, 10, 3]
9
.?.##????? [1, 2, 2]
3
?.##??#???#???.?#??. [11, 4]
1
?????#?????##????.#? [13, 1, 2]
6
.???#?.??? [4, 2]
4
?#?#????#?.. [5, 3]
3
.???#?????#?#? [3, 3, 2]
3
..??.???#.????.. [4, 1, 1]
3
????????????. [1, 2, 1, 1]
70
??????##..?. [1, 1, 1, 2]
1
?.????#????.?????? [1, 1, 3, 1, 3]
77
?#???##??#???#? [8, 2, 2]
2
??...???????#?# [1, 2, 4]
11
??????#????#? [7, 2]
7
???.#..??.?#?.#???? [2, 1, 1, 3, 2, 1]
8
?#???###?#? [1, 5]
1
????????????? [1, 1, 5, 2]
5
.?.??#?#????????#?? [1, 5, 8]
7
.????#???.#??#?#?#.? [4, 8]
4
?#?.????.###??? [1, 4, 3, 1]
2
?##.???#?????#? [2, 11]
1
?.??###.?.?##?##?#?? [4, 8]
2
???##????????? [1, 5, 1, 2]
12
##.????#...?#? [2, 2, 2, 2]
2
.?#??????.? [1, 5]
1
..?#?????.#??#. [3, 4]
2
?.???.????#? [2, 1, 2]
10
.????????????#?#???? [5, 11]
6
.???#????###????#??? [12, 4]
6
???#??.???????? [1, 1, 6]
10
#??#.?#??.????# [1, 2, 4, 1, 1]
3
.?.??.???#?.??#?? [5, 4]
2
??#?#.????.? [3, 1, 1]
12
????..???##?#????#. [1, 1, 8, 2]
6
?#??.????? [2, 2, 1]
6
???#?###.?#???????.# [1, 5, 9, 1]
2
#????##?#??##? [1, 4, 5]
1
?#??##.???.??? [5, 1, 2]
6
.???####?????? [7, 1, 2]
4
?##?????.#.?#####??? [4, 2, 1, 7, 1]
3
???##...??? [3, 1]
3
????#????#??##???? [10, 6]
3
???#?????????? [1, 10]
3
#?????#?#?#??????.?? [9, 1, 1, 1, 1, 1]
2
?????#??#?. [1, 4]
4
????#??#?? [1, 1, 5]
1
?#?###???????#??#? [1, 5, 8]
2
???#???.??????. [3, 5]
6
?##...#?#..?. [2, 3]
1
???#???#.?#??#?###.# [1, 5, 9, 1]
2
?.##?#??#??. [1, 5, 1, 1]
1
??#?#????????#??#??? [2, 1, 2, 7, 1]
7
????##??##?????. [10, 1]
10
?.?????????.???? [4, 1]
34
.???????.# [2, 1, 1]
10
.??##??##?.?? [5, 3]
1
??????.?.??.?#?# [3, 2, 1, 1, 1]
3
#?.?.#??#?#??#????? [2, 1, 13]
1
??.#.??###?? [1, 1, 1, 4]
2
.??####???#?## [6, 5]
2
??.??##????????? [2, 2, 2, 3]
6
..?.###?##??????? [7, 1]
5
??????????.? [2, 4, 1]
14
?.#.?.?.??. [1, 2]
1
????????#.?..?? [1, 5, 2]
3
??.#??#?#??#? [1, 7]
2
?...???#??????.? [1, 1, 6, 1, 1]
1
#????????#???#. [3, 1, 1, 2, 3]
1
#????#??.??? [3, 1, 1, 1]
4
#??#?#.???#?##???.?? [6, 5]
2
?.?.?#????#????#### [1, 1, 2, 1, 3, 5]
4
????.????????.?? [1, 1, 7, 1]
12
?##?.????.???? [3, 2]
12
.??#.???#???####??. [3, 1, 9]
3
??#.???.##? [1, 1, 2]
4
.??##??????#?.? [1, 3, 4]
2
??.?#?#???#??#? [2, 1, 1, 3, 1]
2
?#?#??.?.??????.#?? [5, 1, 5, 1, 1]
4
???.?????##??##?? [1, 1, 1, 7, 1]
6
..#?.??????#? [1, 2, 3]
5
????#???##???..?#?# [2, 10, 4]
1
#???#?#?.?????.#.. [7, 3, 1]
3
.##???#???. [2, 4]
3
?.#???????#?##? [3, 2, 4]
2
?#??#????.##????? [5, 2, 2, 2]
9
.#?#?#.?#?#?##???? [3, 1, 7, 2]
3
????????#????.?#?? [1, 2, 7, 2, 1]
4
.?#####???..??? [7, 1]
7
???????#?? [1, 1, 2]
16
??#?.????#? [4, 1]
1
????.??????#. [1, 4, 1]
8
???????#?? [2, 5]
6
?????#?.?.??#? [3, 1, 1, 1]
6
.?...????#? [1, 1, 2]
6
?#?????.??#. [1, 1, 1, 3]
3
??#?#???#??. [4, 1]
2
?????..???. [2, 2, 1]
3
.??.?.#?.????#??#?# [1, 1, 10]
3
.????#???#?? [5, 1, 3]
1
?#??#??????????. [9, 1]
9
#??.?????#?#???? [3, 2, 7]
6
?#.?????????#? [1, 1, 4, 1]
6
.????#??#?.#. [5, 1]
2
???????##??.# [1, 1, 5, 1]
10
?##?#??.??#????#?? [6, 3, 4]
12
?##???????##? [3, 1, 1, 4]
5
#??????#.?? [8, 1]
2
#????#??????#??# [1, 1, 1, 5, 1]
5
?.??.#????#????. [1, 1, 1, 7]
4
..?##??###?#???????. [9, 4]
3
??.??#?.??##???? [1, 3, 8]
4
???##..?.?? [2, 2]
2
.?#???#??######?? [1, 3, 7]
3
.????.#?#?#??. [1, 6]
4
??##???#???#?????# [4, 3, 2, 1, 2]
12
??.?????????? [2, 1]
38
????#????????.#??? [4, 1, 2, 1, 2]
25
?#?#???.?..?????.? [4, 2, 1]
21
.#???#.??.?#?##??? [1, 3, 1, 6]
4
??????#??# [3, 2, 1]
5
?.#.??.??#?#?##? [1, 1, 1, 1, 7]
2
?##????##??.? [4, 5]
3
???.?#?.?? [1, 1, 1]
7
????#.??#?.??#?#.? [1, 3, 1, 3, 1]
4
?????#?#?.?????#? [1, 2, 1, 1, 3]
18
???.??????? [2, 2, 2]
12
?#?#??.?#?#?? [5, 5]
4
??????????##?#? [1, 1, 7, 1]
3
?????#.??????? [2, 3, 2, 2]
6
?#????#?#? [1, 5]
2
?.?#????..??#?... [5, 4]
2
..#???#??? [1, 1, 3]
1
.#?#.?#?##??????? [1, 1, 4, 1, 2]
6
?##?.#?#???# [3, 3, 1]
2
?????#???? [2, 5]
6
???#???##. [1, 1, 3]
2
??##???.#.??? [6, 1, 1, 1]
2
????.??..? [4, 1, 1]
2
????.???#? [2, 1, 4]
2
?#??.???.??#????? [2, 2, 8]
4
????????##??#? [1, 1, 5]
15
?????#???. [1, 1, 1]
11
##.???.##. [2, 2]
1
?#?.???#?????.? [2, 4, 1]
28
?????..?.??##???? [5, 1, 3, 1]
7
#?#?..?????#???? [1, 1, 6, 2]
3
..#????#???##?.?..#? [1, 1, 8, 1, 1]
1
?.?..?#??#??#??. [2, 6]
3
.???###?#??? [1, 5, 1]
4
???.?#??#??##? [1, 9]
6
???#?????##??.??#. [12, 3]
2
##???????#?#? [3, 3, 3]
2
???..?#?##? [3, 5]
2
??..??.???#??.. [2, 4]
6
???.????..???#.????. [1, 3]
9
???##...?.???? [3, 1]
5
??????#?.?#.??? [2, 4, 1, 1]
9
???????#.#?. [1, 1, 2, 1]
6
?????##????? [1, 4, 1]
25
?####.?????#? [4, 2, 3]
3
?#.#????#..? [1, 1, 3]
1
..??#??.?#?#????? [4, 6]
4
?###????#???####?.?. [9, 5, 1]
4
?###??#???.?.?? [10, 1]
3
?.???#?#??#?????? [1, 1, 2, 4, 1]
11
.???.?????? [1, 3, 1]
9
??????#????##?.#?.?. [10, 3, 2, 1]
1
.??.?.?##???#???# [1, 1, 6, 3]
2
??#??????#.#?.##?#?? [9, 1, 4]
1
????.?#?#???#????.#? [3, 1, 2, 1, 3, 1]
2
?????##?????.?# [1, 1, 7, 2]
4
??????.#?????#? [1, 1, 1, 4, 1]
4
.?#??????#.?.. [1, 4]
1
??????.#??. [4, 1, 1]
4
?????????#?#?? [2, 6]
15
?.#???????#?????#??? [10, 1, 2]
4
???????#??. [1, 2]
11
?##???????.#???# [6, 2, 1, 1, 1]
3
.???#?##?#?????.??? [2, 6, 1, 1, 1, 1]
3
.??????#??? [2, 3]
9
#???????#??.?##? [1, 8, 4]
2
.#.??##??.?? [1, 3, 1, 1]
2
???..#??..?? [3, 1, 1, 2]
1
?????????#????#??? [2, 12]
10
?????.###..##?? [4, 3, 4]
2
???.?????#??#??#??## [1, 16]
3
?????#??###? [2, 1, 5]
3
##????????#??.?? [12, 1]
2
?.??.#?#?????#?###?? [1, 5, 5, 1]
4
.???.???#?#????####? [2, 1, 9]
3
..???#??????#??. [2, 7]
3
??.#?#??#??.?.#?#.? [2, 8, 3, 1]
1
??.???#???## [1, 6, 2]
2
.????.??#??.#??#. [4, 4]
2
???.???##?? [2, 1, 2]
4
??.???#?#??.#?????#? [1, 5, 8]
9
????.??#?..????? [3, 1]
12
???##????? [1, 5]
3
???#??.??????#??. [5, 7]
6
??#??..??? [3, 1]
10
???.??#???????#??#? [2, 1, 3, 5, 1]
4
???#??????#???.#?? [11, 2]
4
??.#?#?#???.#???#?? [1, 3, 3, 3, 1, 1]
2
?#..??.???#??. [1, 5]
2
?.?#..?#?#???#? [2, 8]
2
#?????#.????? [2, 3, 1]
5
#?#??#???##????.? [14, 1]
1
??????.??????#? [2, 1, 1, 1, 2]
68
??#???????.??? [8, 1]
10
??.???.#??##.???##?? [1, 2, 1, 3, 1, 5]
4
??.????#.#.?# [1, 4, 1, 1]
2
?.???.??##.. [1, 1, 1, 2]
5
#????????????? [3, 1, 4, 1]
10
??????#?#. [1, 6]
2
??#?#..??#????? [3, 1, 6]
4
???#???????#??????? [1, 1, 1, 1, 5, 1]
52
??#??#?#?###..???? [11, 1, 1]
3
???#?##?##?. [2, 1, 2, 3]
1
??.??#?????????##??? [1, 1, 1, 1, 1, 6]
55
??#????##?#.? [2, 5]
2
.?????#.????. [2, 1, 1, 1]
13
.?.?.##?????####?? [1, 11]
2
?.#?#?#.?# [3, 1, 1]
1
#??#?#?????.#? [1, 8, 1]
2
?????#.?#?#?##??.? [1, 1, 1, 9]
3
?????????#???? [3, 2, 1, 4]
1
?#?#.?.?.. [4, 1, 1]
1
.#.?##?????? [1, 3, 1]
9
.?#?#?#?????.? [7, 1, 1]
6
??????..??..?#????. [3, 5]
8
#???.?.?????# [1, 1, 1, 6]
2
???????#??##??????# [1, 2, 12]
6
??#???#??..?.???#? [2, 4, 1, 1, 1]
6
#?#?????##??##?#??# [1, 14, 1]
1
..?#???#??#?? [6, 1]
2
.???????????. [1, 3, 1]
35
????????#??.#?.?? [8, 2]
3
??.??..?.#.??#?.? [1, 1, 1, 1, 4]
4
.?#???##????. [3, 4, 2]
1
?????#????.? [5, 1]
11
?#??#.????#??##.? [5, 1, 4, 2]
1
??.#???#?#.??.??? [1, 7, 1, 2]
8
?.????#?##????? [1, 1, 6, 1, 1]
5
.????##?#..?.?? [2, 4]
2
?#??????#.??.?????? [2, 4, 1, 1, 1, 1]
40
??#??#?#??.?#?#.. [7, 4]
2
??.?#???.. [1, 1, 1]
4
???##?#?????##?##??# [10, 8]
2
?#.##???##.??#? [1, 3, 2, 1]
1
?##?#.???? [2, 1, 3]
2
.???##??#??? [1, 8]
3
????#??.?????. [1, 4, 3]
9
.???.????.#? [1, 1, 1, 2]
13
??##?#????#????#.#.# [1, 10, 1, 1, 1]
1
?????#?.????#??? [3, 4]
8
?#??#??#????#?? [3, 4, 3]
3
??.??#..?? [1, 1, 1]
8
?#??#??#????.? [1, 8, 1]
2
?#??#???????## [1, 4, 3]
2
??#.???????.?.#???# [1, 1, 2, 3, 1, 5]
3
???.???#?.??????#?#. [3, 3, 1, 1, 3]
12
#??#??##?#???#??# [1, 1, 7, 1, 2]
1
#?##.????.?? [4, 2, 1]
7
?##???.?#????#? [5, 8]
2
.???#?##????. [1, 8]
3
????????.? [3, 1]
16
??.??..????.????? [2, 1, 2, 1, 2]
32
???#?????#..?. [4, 1, 1, 1]
7
?.?##?#??#??#?? [5, 6]
3
???????##???#??? [2, 10]
10
#.??.#?..????? [1, 2, 3]
3
??##.#??.? [2, 1, 1]
2
?.#?#?#?.?#??#????#? [6, 6, 3]
3
?.?????????#??#?# [1, 10]
5
?????????#? [1, 5, 2]
4
??#?..?##??#? [3, 5]
2
??#?#???????.#.?..## [6, 1, 1, 1, 2]
22
.?????#?#. [1, 2, 1]
3
.?#.#.?????#? [1, 1, 1, 5]
1
#??#?.?..###?????? [4, 1, 9]
1
.#?.?#?????#? [1, 2, 1, 1]
5
?##????.???????.# [6, 3, 1]
10
#.?????#????#.? [1, 1, 1, 6, 1]
3
?..??#.???.#??.. [2, 1]
1
????#?.##????? [3, 3]
2
??#??#?.?????? [5, 1]
12
.#.##.???.?#???#?.?# [1, 2, 1, 1, 6, 2]
2
???#?##?.??????????# [7, 9]
2
???.?#???? [3, 5]
2
??.?#?.???.???? [2, 3, 1, 2, 1]
3
?##??#?#??#????.? [8, 5]
3
#..#?#??.?.???##?? [1, 3, 1, 1, 1, 5]
1
?????????#?#?#? [3, 1, 1, 3, 2]
4
.????.?.?#?.???##?. [2, 3, 3]
6
??#?#?.?????..??#?.. [4, 1, 2, 4]
6
..?#?#???.????.??#. [6, 1, 1, 1]
14
?##???????.? [9, 1]
2
#?.????.#??##????? [1, 2, 1, 7, 2]
1
.#.?#?.?.?#.. [1, 2, 1, 1]
2
??.?????.?? [1, 2, 1]
28
.#??????.?# [1, 4, 1]
2
.???????????#??.. [5, 1, 2, 1]
7
?..#????.??? [4, 1]
3
.#?#?????? [1, 7]
1
.????????##?? [2, 2]
6
?#????##????.? [7, 1]
4
..?#??..??#?...?#. [2, 3, 2]
4
?#??#.#???.??.?#? [1, 2, 2, 1, 2]
6
??#??###.? [2, 3]
2
???#??#???. [1, 1, 4]
4
??#?##?.?.???????#?. [5, 1, 1, 5]
12
???????????..?? [2, 1, 1, 1, 1]
76
????.?#????##??#??? [1, 2, 4, 2, 2]
12
???#???#?#?.???# [1, 1, 6, 1, 2]
2
???.??..?????? [2, 1, 4]
15
.?????##????????? [1, 7, 3, 1]
5
?#??.????#?#?#???? [3, 7]
6
?.?#??#?#??????.??? [11, 1]
7
?.?#.??#???# [1, 1, 7]
1
?#?????#??.. [2, 3]
6
.?????#???????? [2, 5, 4]
4
??.?##??.#?? [1, 3, 2]
4
???##????#.?? [1, 3, 1, 2]
4
#?##?.?.?????????? [1, 2, 3, 1]
21
.??.????.? [2, 4, 1]
1
#.?.??.???#? [1, 1, 1, 1]
8
?.#????#????.?? [6, 2]
3
??##.????### [3, 5]
1
?.?????#???.#.???? [1, 7, 1, 1, 1, 1]
3
.?????????#???#?? [6, 5]
4
.?.??#???.???? [1, 1, 2]
16
.??.????#????.?#??? [2, 8, 2, 1]
6
??..???..?#.# [1, 2, 1, 1]
4
.??#???#??? [3, 3]
6
???##?????????.? [2, 5, 1, 2, 1]
3
???.?##?#?#????#?.?? [1, 2, 1, 7, 1]
6
.??.?#.?#??????..??? [1, 2, 2, 5, 1]
6
????#????. [2, 1, 1]
7
?#???#?.?#?.???# [2, 2, 3, 4]
4
??????.????... [4, 2]
9
.??#?????#???? [8, 1]
5
#??????#???? [2, 2, 5]
3
?#???????.??###?..#? [3, 1, 1, 1, 4, 1]
11
?#??#?..??.??.? [1, 2, 1, 2, 1]
4
#????????????# [1, 2, 1, 6]
3
?#?.?????.???##??. [1, 1, 1, 1, 6]
2
????#??.???? [4, 2]
9
????????#???.#?# [4, 1, 1, 2, 3]
3
?##??????.????.?.??? [6, 1, 3, 1, 1, 1]
6
??#?#??#??? [5, 1, 1]
4
??##???##???#? [2, 6]
1
.?#?#?...?#? [1, 2, 3]
1
??????#????###??? [5, 7]
6
?..????.????.?#. [3, 3, 2]
4
???????#?? [6, 1]
2
???.????#?. [3, 1, 3]
3
#?..???.?##? [1, 1, 1, 4]
1
??#????????? [2, 1, 1, 1]
30
????##????#??? [4, 5]
6
.??#?#.??.?????????? [5, 3]
8
...#????#???? [2, 2]
2
#??#???#..??? [1, 6, 1, 1]
1
?#??????#????.?#.??? [1, 3, 3, 1, 1, 3]
4
????#?#?#?#??..#?.? [10, 2]
3
#?????.?.??#?#??# [1, 2, 1, 1, 6]
5
????#????????????? [3, 1, 1, 2, 1, 4]
5
#.?????#????? [1, 1, 2, 2]
18
?.##?????????? [1, 2, 2, 5]
3
.?#???##???. [6, 2]
1
.#??#??????.???## [1, 7, 1, 2]
4
.??.?????#??.?. [1, 2, 5, 1]
2
??#??###??#.??? [2, 5, 1, 1]
3
#?.#.#??????#. [1, 1, 8]
1
???????##??#?? [2, 7]
12
???#???##?..?? [4, 2, 2]
3
?##??#??#??..????. [11, 1]
4
???##??????#?? [1, 4, 1, 2]
11
.??.???##??#??.??.? [1, 1, 7, 1]
18
#?#?#?##???.???.??.? [11, 1, 1]
12
???..?###?#??#??...# [3, 11, 1]
1
?.???.????#??? [1, 1, 5, 1]
12
#??.?####????#???? [3, 11]
2
#??.???????? [1, 3, 1]
10
?#?#?#?.?.#???? [6, 5]
2
..?#?###..#.? [6, 1]
1
??#.???.?#? [2, 3, 3]
1
??#??????#????? [4, 5, 3]
4
??.?????##???????? [1, 14]
4
.?.??#?..??#.? [1, 3, 2]
2
??????.????.#. [5, 3, 1]
4
.???????.??#??????? [1, 1, 1, 10]
10
???..??.?#??.#?? [1, 2, 2, 1]
6
??#???#????#? [1, 6, 3]
2
???#.#???.?#?#?#?## [3, 1, 2, 9]
1
?##??.?#??.???..# [3, 3, 2, 1]
8
????#???????#?##?# [1, 1, 1, 2, 6, 1]
2
#.??#??????? [1, 4, 1, 1]
10
##??#??#?.###?#??#?? [8, 8]
1
?##?????????????? [7, 3]
13
##??????#####? [5, 5]
1
#???#??..#?#?.? [2, 1, 1, 1, 2]
1
.?????..????#?? [2, 1, 3]
33
.?#???##??#??. [7, 2]
3
???#?##?.? [1, 4, 1]
2
.?.#.?????#?????#? [1, 1, 3, 2, 2]
19
.##??????#??????# [4, 1, 2, 1, 3]
4
??.?.??##?????? [1, 10]
3
.#?#.?#?.??#?#??.?? [3, 3, 3, 1, 1]
5
??##?.???####. [5, 6]
1
.??##?.#?#?#.?? [3, 5]
2
?.?.?#??????#???#??? [3, 7]
6
??????#????... [1, 1, 1, 1]
24
?#.?#?????????.?? [1, 2, 1, 5, 1]
8
????###??.#??##.??? [1, 5, 5, 3]
6
.?????.#?????.????? [1, 1, 5, 4]
12
.??..??#?.?? [1, 4, 1]
4
?#?.?#??##?#?#.? [1, 2, 6]
2
.#..???.?.#? [1, 1, 1, 1]
4
?##?????????#???#??? [4, 5, 2, 4]
9
??#??#?????#?#. [1, 1, 4, 1, 1]
2
#?.?#???###??#??.# [2, 2, 8, 1]
5
#??.??##.?????.?# [3, 4, 5, 1]
1
?..#????#????????? [1, 1, 4, 2, 3]
11
.#?????????#.?.?? [3, 4, 2, 1, 1]
2
?#?#??#?.#???# [4, 1, 1, 3]
2
.??????????.# [3, 6, 1]
1
???????????? [8, 1]
6
??????#??.??#??? [5, 1, 4]
9
?????.#??.?. [2, 1, 3, 1]
3
#???##??????????#?? [1, 3, 1, 5, 2]
5
??#.??#???? [2, 1, 5]
1
????##????????.#???? [9, 1]
5
?????..????#? [2, 5]
8
?#?#?.?.??#?##? [1, 2, 1, 7]
1
.#?????????? [1, 1, 1, 1]
35
?#???.?#..? [4, 2]
2
.#?.#??.????..???? [2, 1, 1, 1, 1, 2]
16
.?##??#.???#???.?#? [3, 2, 4, 1, 1]
3
?.?#?#???#? [4, 1]
2
..?..??#??#???? [1, 6, 2]
3
.??#????#?#. [3, 4]
3
??#?#.#.???????.??## [5, 1, 1, 4, 4]
3
??.???????# [1, 1, 1]
22
..???#?#.??.?#.?#.# [6, 1, 1, 1, 1]
2
?????##??#??.? [1, 3, 2]
10
?##??#?#?##?????? [11, 3]
5
#?#???#?????.????? [1, 1, 4, 1, 1, 1]
44
?????..??????????#? [2, 2, 1, 1, 8]
1
?????###???##??? [9, 4]
3
?????#??##???.? [1, 1, 1, 5, 1]
6
##?.?????##?#?##. [2, 1, 9]
2
???#?..??#????#?#?. [3, 8]
2
???#?#???#.? [6, 1]
3
?..??#??.. [1, 3]
4
??????#?##.#??? [1, 1, 4, 1, 1]
12
???????#????.????## [6, 1, 1, 2]
30
???.??..#.?.??????.? [1, 1, 1, 1, 6, 1]
9
?.???..?#??.??###. [1, 1, 1, 2, 1, 3]
3
?.##???????#?. [6, 1, 1]
1
?????..#.?#????#? [4, 1, 3, 3]
6
?.??##??##??????? [12, 1]
3
????.?#?##???. [1, 1, 8]
3
??###????#??.?#?.?? [7, 1, 1, 2]
6
###???##????? [3, 4]
3
.?.??##?#?#???????? [1, 1, 4, 9]
1
#.????###?.#. [1, 7, 1]
2
.?#??.?????? [1, 1, 2, 1]
7
?#..?????? [1, 4]
3
?#??.????#?.?.??? [2, 2, 2, 1]
24
.#???#?..?? [2, 1, 1]
2
.??????#.?##?.?.#??? [4, 2, 2, 3]
1
???###?#???????.?# [1, 6, 6, 1]
1
.??????#..#??.#??. [1, 5, 3, 1]
1
???.?????? [2, 1]
18
????????#?#.?????##? [2, 1, 3, 1, 4]
56
?.?#?#?#?????.???.?? [8, 1]
13
##.??#?#???##??????? [2, 5, 3, 1, 2]
21
??#?#??#???.???? [7, 4]
2
??.??###????#?.? [1, 1, 8]
2
????#???.???#?#???? [8, 1, 3, 1, 1]
2
.????.??.???##?# [1, 1, 2, 1, 4]
6
????##??????? [1, 5, 1, 2]
5
.?#..?##?#? [1, 5]
2
??????#???#???#?? [2, 9]
5
?#?#???#???.?????? [1, 3, 4, 1, 1, 2]
1
..???#?..?.? [5, 1]
2
?##??.???##?????? [4, 3, 2, 1]
8
???#??#?##?.? [9, 1]
2
.???##?#???????#? [5, 9]
1
?#.?#?#?????????.?.? [2, 4, 3, 2, 1]
19
.#.??????# [1, 4, 2]
1
#???????###????? [6, 4, 1, 1]
4
???#?#?..? [4, 1]
3
??.?##.????.#?? [1, 2, 1, 1, 1]
14
.????#??????#?? [1, 4, 4]
15
????.?????????.? [2, 7]
9
#??.##????##??##???? [2, 2, 1, 3, 5, 1]
1
??#??##..???.#??##?? [2, 2, 1, 1, 6]
2
????.??.#.?# [3, 1, 1, 2]
4
?#.?.?#?.? [1, 1, 1]
2
.?.???#?.?????..?.?? [3, 4, 1]
12
..##???.???.#? [5, 2, 1]
2
?.?#???#?#. [2, 1, 3]
1
#????#????????.# [1, 1, 1, 7, 1]
2
??.???##?.?.? [1, 1, 2, 1]
8
?????#????#???.?#? [1, 2, 2, 3, 1]
6
??.??#?????? [1, 3, 1]
28
?.??#??#?.?##?# [1, 3, 2, 3, 1]
3
?#??.??.??.? [2, 1, 1, 1]
16
#???#???..#?? [5, 1, 1]
3
.#??????????.? [4, 3, 1, 1]
3
.??.?#???.??#???#?#? [1, 4, 4, 5]
4
???#??????????? [6, 1, 1]
52
?????#??????#??. [1, 1, 5, 2, 1]
4
?##?..??????. [3, 1, 2]
12
???..?.?##.? [1, 1, 2, 1]
4
?????????#? [4, 1, 2]
9
.????.#???#?? [1, 1, 2, 2]
6
..??##??????.?#?.?. [6, 2]
6
?.?.?###?.??.#?.. [1, 4, 2]
4
.##???.????????? [5, 3, 1]
15
..????..?? [4, 1]
2
??#?...#?#????? [3, 1, 1, 1, 1]
6
????????????????? [3, 11]
6
.?.??.?#??#.?????. [1, 2, 2, 1, 3, 1]
2
#...?.##?##??.#.#? [1, 1, 6, 1, 1]
1
?????????#??##?? [1, 3, 2, 3]
22
#??#?##???? [7, 1]
3
.??.??????.???#? [2, 2, 1, 1, 1]
13
?#.#..??.?????#? [1, 1, 1, 1, 3]
11
#????#?.#????#.?#?? [7, 6, 2]
2
????.?#?.?? [1, 2, 1]
17
???###..???#?.#? [1, 3, 4, 1]
4
.???#?.????? [3, 1]
10
???????#?### [3, 1, 1, 3]
3
????.????.#? [1, 3, 1]
8
??????????.????#??? [1, 2, 1, 2, 1, 1]
165
????#.??###?#?###?# [1, 2, 13]
2
##?.???#??? [2, 4, 1]
3
?#..#???#?#??? [1, 1, 6]
3
#?..??.??????????#?# [2, 1, 1, 1, 7, 1]
2
?????.?#.????. [2, 2, 3]
8
?????.#.???#? [2, 1, 3]
8
??????#??.??? [1, 1, 3, 3]
10
#??#??.?##??#??#?. [1, 2, 1, 6, 1]
2
#?##?.#???????#?.? [1, 3, 3, 2, 2, 1]
3
???.?????###?#???? [1, 4, 8]
3
.?#????#???????? [4, 3, 1, 1, 1]
6
??.?????????????##? [1, 5, 1, 8]
2
???.?#?????#?# [2, 4, 3]
4
??.????#.#?? [2, 2, 1, 3]
2
??????.??????.#?#? [5, 2, 3]
10
??????????? [1, 2, 3]
20
?.?#??#???#?????## [4, 8]
1
..##?.???#?.#??### [3, 5, 6]
1
????#??.#??.#??? [6, 1, 1, 1, 2]
2
?.????#???? [1, 6]
7
????#???????#?#? [1, 1, 1, 7]
11
????????.?.#?. [1, 1]
9
.????##????.??.?? [1, 6, 2, 1]
12
?##?.?#?#?.? [2, 5]
1
??#?#????#?..#?#? [1, 1, 1, 5, 4]
1
###???.???.???#?? [4, 4]
3
.??????.?##????? [2, 1, 3, 2]
30
?.?????.?# [1, 1, 1]
11
#.##???????? [1, 3, 1, 1]
10
#????#.?.#??????? [1, 2, 1, 5]
4
.??.?##??.?.?? [4, 1]
6
##?#.?.?###???#?#?? [2, 1, 1, 10]
2
????#?.???#?.?. [1, 2, 1, 2]
15
?????????????? [3, 1, 2]
84
?.#??.##?##?..#? [3, 6, 2]
1
?#.??#???#? [1, 1, 2]
2
#???????#??? [1, 1, 3, 3]
1
??##??.#?#.???. [3, 3, 1]
6
#.??##???#?#???.#? [1, 13, 1]
1
?????#.??.#?? [1, 1, 2, 1]
5
??#?##????????? [1, 1, 4, 1, 3]
3
?.???.????.?#? [1, 1, 3, 2]
16
..????.?#?????.? [1, 1, 6, 1]
6
?.?.??#?###?#. [1, 1, 1, 7]
1
#?#.?????#????.#. [1, 1, 7, 1, 1]
3
???.??##????#?#? [3, 3, 1, 3]
3
?.??????#??#????.#? [10, 1, 1, 1]
1
??????????#???# [1, 2, 2, 5]
10
?###?.#?????#?. [4, 3, 3]
4
.##???.???. [3, 2]
2
#?#.?.????? [3, 1, 1]
11
????#???.#??? [5, 1]
4
.?#?????#?????.??? [1, 1, 6, 2]
12
#?#??##????????.?? [10, 1]
6
???.?#???#? [1, 2, 1]
6
??#?.????????? [4, 4, 3]
3
??#?#?.##.?# [3, 2, 2]
1
?#?????.#???#.#? [1, 3, 1, 2, 1]
2
?????#??##..?#? [5, 3]
1
???#.?#??? [4, 4]
2
...??.????#????.? [1, 7]
7
??????.?????#?????#? [2, 3, 6, 2]
14
??#??.#??##??#.? [1, 1, 3, 1, 1]
2
.?????.??#.????? [5, 1, 1, 2, 1]
3
#?#????##???.#????. [4, 3, 1, 1]
9
#.#???.#????#?##?# [1, 1, 1, 2, 1, 6]
2
#?????##????#?##?.?? [10, 4, 1]
2
?#????#?#.??.##???.. [3, 5, 4]
1
?.????.?##??#...? [1, 2, 2]
5
?.???#??#?.?#??? [6, 2, 1]
6
??.?????????##?? [1, 2, 6]
34
?.?#???.#?#?? [2, 2, 3, 1]
1
???..?#?#?????#?### [1, 1, 3, 7]
4
?#??.?.????#????? [2, 6, 1]
12
????#?????? [2, 2]
10
??.??#??????.?.??? [1, 9, 1, 2]
4
?#???#??.?##????? [1, 3, 1, 8]
1
??##?????#?..#???#.? [8, 5, 1]
1
?.???#?#???#????? [1, 1, 5, 4, 1]
5
.##??#??????????? [3, 1, 7]
4
??###?##???????.?.# [10, 1, 1]
12
#?#????##?????#? [12, 2]
2
?#??#?.?#??.. [5, 4]
2
?#?#??????#??.???.# [1, 1, 4, 1, 1, 1]
10
?????????###.#??#??? [2, 1, 6, 1, 1, 1]
6
???#????.?#.??? [2, 2, 2, 1]
13
.??????.?????.. [4, 5]
3
???####???.????.?.?. [7, 1, 3, 1]
12
.##??#?.???. [2, 2, 3]
2
?#.?????????? [1, 1, 3, 1]
20
.#?.????#??????#?? [1, 5, 2, 1, 1]
7
#???..?####?..# [4, 5, 1]
2
..???.???.?#.?.. [1, 1]
7
???.#??###? [1, 6]
3
..??.?????? [1, 2]
16
??###??#????. [1, 6, 1]
3
#????#???.???? [2, 6, 3]
2
??#???.??????#?.#? [6, 2, 3, 1]
5
.??#??????? [1, 3, 1]
7
?.?.??##???? [1, 2, 1, 1]
3
...?.??#?#. [1, 4]
1
?????#??#???????? [3, 2, 5, 1]
14
??.?????.?????? [1, 2, 1, 2, 1]
47
???.?.??.?#. [1, 1, 1, 1]
9
.?##?#???..#???.. [5, 4]
2
??####??.????. [7, 4]
2
#????#????#???? [9, 1, 1]
3
?.?.???.?????.???? [1, 1, 2, 4, 3]
8
??#?#?..??????? [6, 1, 3]
6
..?.#?#?##????#. [9, 1]
1
?.?..?#?#.? [1, 2, 1]
2
????##?.??# [2, 3, 2]
3
?..??????##?#? [4, 4]
2
??????????????# [1, 8, 1]
10
????#???#?????.?.?? [1, 2, 1, 4, 1, 2]
9
?.###?#??.??#?#?. [7, 4]
2
?.#??#?.???#???#?? [4, 8]
3
??????##????#?..?# [1, 9, 1]
7
.?.???#????????#??? [1, 2, 5, 2, 1]
15
?#.???#???. [1, 5]
3
?????#?#???#???##? [3, 3, 2, 3]
10
..??????.?#? [4, 1]
3
#.?????#??????#???#? [1, 15]
2
?##??#??#???????#.?? [3, 5, 1, 1, 2, 1]
10
??????..#?? [2, 1]
5
????#.??????.#.?. [3, 1, 1, 2, 1]
7
.???.????? [1, 2]
15
????.????. [1, 2]
14
#????.#.??#??.??? [1, 3, 1, 5, 1]
3
#.??##???.?.?#????? [1, 6, 1, 2, 1, 2]
2
??.?#.????.#???.#??? [1, 1, 2, 1, 1, 4]
16
?.#?#..?#?. [1, 1, 2]
2
??#?????.?#.?.?.?.. [7, 1, 1, 1, 1]
2
?#?.????.??.???#.? [2, 3, 1, 1, 1, 1]
16
???#???#.??#??#.? [3, 3, 1, 1, 1]
2
#????????###???#? [2, 1, 6, 3]
7
??.#????#? [1, 3, 2]
4
???#??.#??##?# [5, 2, 2, 1]
2
?#??????????#?? [2, 5, 4]
9
#.?#??????#?#??#?##? [1, 1, 14]
2
.??????????#????? [5, 1, 4, 1, 1]
1
???..?#???#??????##? [1, 1, 15]
1
#??.?#.#??????##. [1, 1, 1, 1, 4]
3
?????.???.?.?..#.??. [1, 1]
12
???...#?.????? [1, 2, 1, 3]
3
.????#??.?#??## [1, 3, 2, 2]
12
?##?.#?..???? [2, 2, 1, 1]
3
????.?.?.??? [2, 1, 1]
29
?????..???.?#???? [1, 2, 4]
26
???##.???#??? [5, 3, 2]
1
.????.???.?????? [4, 2, 1]
18
?..???#?????##?# [1, 1, 1, 7]
2
###?#???#?.?#????#. [9, 2, 2]
2
???.?????. [1, 1, 1]
24
#?.?.#??#?#??# [1, 9]
1
.?#???.?.?????? [3, 5]
4
?.??#?..#?##???#?##? [1, 2, 12]
3
#.??#?#???#?#???? [1, 12]
3
???.?.???##?? [1, 1, 4]
24
?.?#??#??##??# [1, 2, 6, 1]
3
.????????..?????? [6, 4]
9
???#???????. [3, 2]
12
?.?????.???????? [2, 3]
30
.??#.??#????#??. [1, 1, 5, 1, 1]
2
??.??#?###??????.?#? [1, 8, 4, 3]
2
#???.?##?#?.?....?? [1, 2, 5, 1, 1]
4
?#???#?#?? [2, 2, 2]
2
.???##?.#?#???# [4, 1, 5]
2
?#?#..???? [1, 1, 4]
1
????????.#????#.? [3, 1, 1, 6, 1]
4
..?.????#??#??????? [1, 1, 6, 1, 3]
5
?.????###?#?. [1, 6]
7
???..??#?. [1, 3]
6
?#???#???????#?? [8, 1, 2]
8
?#???#???? [2, 2, 3]
2
?#????#.?# [2, 3, 1]
2
#???..??.?##? [3, 2, 3]
2
?????????##?#?#. [3, 7]
5
?????##??.? [1, 4]
9
#????.???? [2, 1, 1]
11
???????#???? [1, 1, 2, 1]
39
??##??#??.????#??.# [7, 2, 2, 1]
9
#????#??#?????? [3, 1, 3, 2]
5
???#???.?.??. [2, 1, 1, 1]
14
#??#????#?##??.?.? [1, 10, 1]
5
?.?.?#?.?? [1, 1, 1]
5
?..##?#.?##?????.? [1, 4, 5, 1, 1]
3
???#..????#????#??? [2, 1, 5, 1, 3]
4
??????#.???##?#????? [1, 6]
3
????????.? [1, 5]
3
?.??????.?? [1, 2, 1]
29
?????????.?#?#???#?? [3, 10]
7
??????????.????? [1, 1, 2, 2, 1]
130
?#?#???.??.#? [2, 4, 1, 1]
2
??.#?.##?? [1, 2, 2]
2
???.??#??#???.#?#? [1, 1, 1, 3, 4]
8
??#??##?#???.?#??? [8, 3]
4
??##?..#????.?.? [4, 1, 2, 1]
8
?.??.???????.???. [2, 1, 1, 1, 3]
10
????#?#????????# [1, 2, 3, 1, 4]
2
??..#??.??????##.?# [2, 1, 1, 7, 1]
1
.?????###?#?##???#? [1, 8, 1, 1]
4
??#?.#???.#?? [3, 1, 1, 2]
4
??#.???#????? [1, 1, 2, 5]
1
?#.????.???? [1, 3, 2]
6
#???????#?.?##?? [3, 3, 1, 5]
1
?#????#?#?#??#?.?? [1, 4, 4, 1]
3
???#?#???.??? [2, 3, 1, 2]
4
???.##???..??? [1, 2, 2]
9
#????##??.?.??.# [1, 7, 1, 1, 1]
2
#?##????.??.???# [5, 1, 1, 1, 2]
4
#???#???.??.#?? [1, 1, 3, 1, 1]
3
??#??????.#??.?. [6, 3]
3
.#???.??..#?#?# [1, 2, 1, 1, 1]
2
.???.???#??#? [1, 2, 1, 1]
3
??.??????#?#?#..??? [2, 1, 1, 4, 1, 3]
3
?.#?##????..?????? [1, 2, 2, 4]
6
#????.???.?# [1, 1, 1, 1]
11
?##???????##???#?? [6, 9]
5
.??????..?. [1, 2, 1]
7
?..#???##?###??. [1, 2, 7, 1]
1
?#????##????.?#???# [2, 1, 2, 1, 1, 6]
3
??.???#??.?.? [2, 5, 1, 1]
2
.##?.#?#?? [3, 5]
1
?#?.??##???##??????? [1, 1, 4, 8]
1
.??.#????????.?# [1, 4, 1, 1, 2]
6
??#?..####?.. [3, 5]
2
#?#?.?#?##?#.??#? [4, 4, 1, 3]
2
????##?#???#?.##??? [1, 5, 1, 1, 2, 1]
4
#?#????##???#??# [3, 4, 2, 2]
2
?.##????#..?? [7, 1]
2
.?????#.## [5, 2]
1
?#.#?????????.? [2, 1, 1, 3, 1]
14
.???##?#?#??#??#?# [7, 6]
2
??#???#??#???#???? [6, 2, 5]
7
?#?.???????#???###?? [2, 3, 3, 4, 1]
10
???.???.??#???#??? [1, 1, 4, 3]
33
?##.???#?????#.#?.?? [3, 2, 4, 1, 2]
3
#?????.?####?..?. [3, 6]
1
?#????..#??????#???? [2, 2, 1, 9]
6
??????#?#?? [4, 5]
3
???#?????????#???# [3, 10, 1]
3
???..?#?#.. [1, 3]
3
???..?????#?###??. [2, 9]
7
.???.???.? [1, 3]
3
????#.???###.???? [1, 1, 3, 1]
20
?##??????#. [6, 1]
2
.#?#?#.???.?.?? [3, 1, 2, 1]
6
.?#?.???###?#?##?#?? [2, 14]
4
#?.???????? [2, 6]
3
??#?###?????????#??. [8, 3, 3]
18
????.????.??#?. [3, 2, 1, 1]
8
.#?#?#?#???#??##?? [1, 1, 5, 7]
1
.##?#?????#?#.?.#?. [8, 1, 1, 1, 1]
1
????..#??? [2, 2]
3
??????#????? [2, 4, 2]
10
?#??#???#?...? [5, 2, 1]
4
???.?.?????.? [2, 5]
2
???#?#?##??????#.?#. [10, 1, 1, 1, 2]
1
#?..?.??#??????# [2, 5, 2]
3
#?????#?#??.?# [11, 1]
1
?.#?#?.?.? [3, 1]
2
?????.?.?#???? [3, 6]
3
.??????#?#?? [1, 1, 2, 2]
3
#??##????#?.??????? [6, 2, 1, 4]
6
?.??###?.??# [1, 3, 3]
2
??????#??.?#???##. [1, 4, 6]
9
?????..??????#?#? [5, 10]
1
?###?#?#????#?.???.? [8, 3, 1]
16
..?###??????????. [4, 1, 3]
25
??????.#?#?? [1, 4]
6
???????#?.??? [1, 3, 2]
22
???####???.???#.? [7, 1, 3, 1]
3
??#?.??.???##.??. [1, 2, 2, 5, 2]
1
#?.???##???.?? [1, 1, 6, 1]
2
????#??????#?#?? [1, 1, 5, 3]
4
.??#.?.##?????.? [1, 7, 1]
1
.?.?##??#? [3, 1]
2
?.???????#??# [1, 10]
1
?.???#??#??#??? [1, 1, 2, 5, 1]
5
?#.???#??. [1, 4]
3
?????#?????##???? [1, 5, 2, 1]
30
.#?#????##? [6, 2]
1
#????#?##?..?? [1, 3, 3, 1]
2
?#??#?..??##?? [5, 4]
6
?.?.?#???? [1, 1, 1]
8
??#???#?##?? [6, 4]
1
??.??.?????#??#?#?#? [1, 1, 1, 5, 6]
4
.????????? [1, 1, 4]
4
?#?..?#... [1, 2]
1
?#.?#?.???.???? [1, 3, 2, 2]
6
??#?#?#.???#??? [6, 2, 4]
1
????#???##? [4, 4]
3
??.??###??#?#????#.? [11, 2]
2
??????????.??#.???? [1, 5, 1, 1, 1, 2]
26
?????????##?.? [1, 2, 6]
4
?????##????#.#????? [6, 3, 1, 1, 1]
6
?#???????#??.? [5, 2, 1]
7
??#?????????. [4, 1, 2]
19
#????.##????## [1, 1, 3, 3]
3
?#?##???##???#.?? [5, 4, 2, 2]
3
.#??#?#..? [6, 1]
1
#???????##???#?.??? [1, 9, 1, 1]
8
?.???...??? [1, 1]
17
??#??.#??#? [4, 4]
2
??.#???#.?#????? [1, 3, 1, 1, 1]
11
?#?.#?#.#?.?###???## [2, 3, 1, 9]
2
??#?#????#??#? [7, 2, 2]
4
#??#?.?#?.??? [1, 1, 2, 2]
4
..#.?.?#??.? [1, 2]
2
????#?????#?#??? [1, 1, 1, 6, 1]
6
?.???##???????##?.?. [6, 2]
4
.##.??????#? [2, 7]
2
?.#?....?#? [2, 2]
2
??????..?#####????? [1, 3, 8]
6
?.?????#???? [1, 3]
13
??#???????? [1, 1, 3]
11
.???#?????.#?. [1, 4, 2]
4
?.??.#??#?#??? [1, 8]
3
???????????????? [1, 4, 1, 1, 1]
126
???##?#????# [1, 5, 3]
3
??#??.???##? [1, 1, 1, 5]
2
.##??#?.?????.???#? [5, 2, 1, 1, 1]
6
..?##.???????.?#?. [3, 3, 1, 3]
6
#??#???.???#..?? [4, 1, 3, 1]
4
??#????????.? [3, 1, 1]
49
??.??#???#??#?????.# [1, 4, 5, 2, 1]
14
?#?..????#??? [2, 1, 1, 3]
2
?????...#.? [1, 1, 1]
11
??.?.??###?.?? [1, 4, 1]
14
??..?.#????#????#.?? [2, 6]
1
.???#?????#. [7, 1]
2
??????#?#?.#.??.??? [9, 1, 2, 2]
4